15 17140 11460
15 17140 11461
15 17140 11462
15 17140 11463
15 17140 11464
15 17140 11465
15 17140 11466
15 17140 11467
15 17140 11468
15 17140 11469
15 17140 11470
15 17140 11471
15 17140 11472
15 17140 11473
15 17140 11474
15 17140 11475
15 17140 11476
15 17140 11477
15 17140 11478
15 17140 11479
15 17140 11480
15 17141 11460
15 17141 11461
15 17141 11462
15 17141 11463
15 17141 11464
15 17141 11465
15 17141 11466
15 17141 11467
15 17141 11468
15 17141 11469
15 17141 11470
15 17141 11471
15 17141 11472
15 17141 11473
15 17141 11474
15 17141 11475
15 17141 11476
15 17141 11477
15 17141 11478
15 17141 11479
15 17141 11480
15 17142 11460
15 17142 11461
15 17142 11462
15 17142 11463
15 17142 11464
15 17142 11465
15 17142 11466
15 17142 11467
15 17142 11468
15 17142 11469
15 17142 11470
15 17142 11471
15 17142 11472
15 17142 11473
15 17142 11474
15 17142 11475
15 17142 11476
15 17142 11477
15 17142 11478
15 17142 11479
15 17142 11480
15 17143 11460
15 17143 11461
15 17143 11462
15 17143 11463
15 17143 11464
15 17143 11465
15 17143 11466
15 17143 11467
15 17143 11468
15 17143 11469
15 17143 11470
15 17143 11471
15 17143 11472
15 17143 11473
15 17143 11474
15 17143 11475
15 17143 11476
15 17143 11477
15 17143 11478
15 17143 11479
15 17143 11480
15 17144 11460
15 17144 11461
15 17144 11462
15 17144 11463
15 17144 11464
15 17144 11465
15 17144 11466
15 17144 11467
15 17144 11468
15 17144 11469
15 17144 11470
15 17144 11471
15 17144 11472
15 17144 11473
15 17144 11474
15 17144 11475
15 17144 11476
15 17144 11477
15 17144 11478
15 17144 11479
15 17144 11480
15 17145 11460
15 17145 11461
15 17145 11462
15 17145 11463
15 17145 11464
15 17145 11465
15 17145 11466
15 17145 11467
15 17145 11468
15 17145 11469
15 17145 11470
15 17145 11471
15 17145 11472
15 17145 11473
15 17145 11474
15 17145 11475
15 17145 11476
15 17145 11477
15 17145 11478
15 17145 11479
15 17145 11480
15 17146 11460
15 17146 11461
15 17146 11462
15 17146 11463
15 17146 11464
15 17146 11465
15 17146 11466
15 17146 11467
15 17146 11468
15 17146 11469
15 17146 11470
15 17146 11471
15 17146 11472
15 17146 11473
15 17146 11474
15 17146 11475
15 17146 11476
15 17146 11477
15 17146 11478
15 17146 11479
15 17146 11480
15 17147 11460
15 17147 11461
15 17147 11462
15 17147 11463
15 17147 11464
15 17147 11465
15 17147 11466
15 17147 11467
15 17147 11468
15 17147 11469
15 17147 11470
15 17147 11471
15 17147 11472
15 17147 11473
15 17147 11474
15 17147 11475
15 17147 11476
15 17147 11477
15 17147 11478
15 17147 11479
15 17147 11480
15 17148 11460
15 17148 11461
15 17148 11462
15 17148 11463
15 17148 11464
15 17148 11465
15 17148 11466
15 17148 11467
15 17148 11468
15 17148 11469
15 17148 11470
15 17148 11471
15 17148 11472
15 17148 11473
15 17148 11474
15 17148 11475
15 17148 11476
15 17148 11477
15 17148 11478
15 17148 11479
15 17148 11480
15 17149 11460
15 17149 11461
15 17149 11462
15 17149 11463
15 17149 11464
15 17149 11465
15 17149 11466
15 17149 11467
15 17149 11468
15 17149 11469
15 17149 11470
15 17149 11471
15 17149 11472
15 17149 11473
15 17149 11474
15 17149 11475
15 17149 11476
15 17149 11477
15 17149 11478
15 17149 11479
15 17149 11480
15 17150 11460
15 17150 11461
15 17150 11462
15 17150 11463
15 17150 11464
15 17150 11465
15 17150 11466
15 17150 11467
15 17150 11468
15 17150 11469
15 17150 11470
15 17150 11471
15 17150 11472
15 17150 11473
15 17150 11474
15 17150 11475
15 17150 11476
15 17150 11477
15 17150 11478
15 17150 11479
15 17150 11480
15 17151 11460
15 17151 11461
15 17151 11462
15 17151 11463
15 17151 11464
15 17151 11465
15 17151 11466
15 17151 11467
15 17151 11468
15 17151 11469
15 17151 11470
15 17151 11471
15 17151 11472
15 17151 11473
15 17151 11474
15 17151 11475
15 17151 11476
15 17151 11477
15 17151 11478
15 17151 11479
15 17151 11480
15 17152 11460
15 17152 11461
15 17152 11462
15 17152 11463
15 17152 11464
15 17152 11465
15 17152 11466
15 17152 11467
15 17152 11468
15 17152 11469
15 17152 11470
15 17152 11471
15 17152 11472
15 17152 11473
15 17152 11474
15 17152 11475
15 17152 11476
15 17152 11477
15 17152 11478
15 17152 11479
15 17152 11480
15 17153 11460
15 17153 11461
15 17153 11462
15 17153 11463
15 17153 11464
15 17153 11465
15 17153 11466
15 17153 11467
15 17153 11468
15 17153 11469
15 17153 11470
15 17153 11471
15 17153 11472
15 17153 11473
15 17153 11474
15 17153 11475
15 17153 11476
15 17153 11477
15 17153 11478
15 17153 11479
15 17153 11480
15 17154 11460
15 17154 11461
15 17154 11462
15 17154 11463
15 17154 11464
15 17154 11465
15 17154 11466
15 17154 11467
15 17154 11468
15 17154 11469
15 17154 11470
15 17154 11471
15 17154 11472
15 17154 11473
15 17154 11474
15 17154 11475
15 17154 11476
15 17154 11477
15 17154 11478
15 17154 11479
15 17154 11480
15 17155 11460
15 17155 11461
15 17155 11462
15 17155 11463
15 17155 11464
15 17155 11465
15 17155 11466
15 17155 11467
15 17155 11468
15 17155 11469
15 17155 11470
15 17155 11471
15 17155 11472
15 17155 11473
15 17155 11474
15 17155 11475
15 17155 11476
15 17155 11477
15 17155 11478
15 17155 11479
15 17155 11480
15 17156 11460
15 17156 11461
15 17156 11462
15 17156 11463
15 17156 11464
15 17156 11465
15 17156 11466
15 17156 11467
15 17156 11468
15 17156 11469
15 17156 11470
15 17156 11471
15 17156 11472
15 17156 11473
15 17156 11474
15 17156 11475
15 17156 11476
15 17156 11477
15 17156 11478
15 17156 11479
15 17156 11480
15 17157 11460
15 17157 11461
15 17157 11462
15 17157 11463
15 17157 11464
15 17157 11465
15 17157 11466
15 17157 11467
15 17157 11468
15 17157 11469
15 17157 11470
15 17157 11471
15 17157 11472
15 17157 11473
15 17157 11474
15 17157 11475
15 17157 11476
15 17157 11477
15 17157 11478
15 17157 11479
15 17157 11480
15 17158 11460
15 17158 11461
15 17158 11462
15 17158 11463
15 17158 11464
15 17158 11465
15 17158 11466
15 17158 11467
15 17158 11468
15 17158 11469
15 17158 11470
15 17158 11471
15 17158 11472
15 17158 11473
15 17158 11474
15 17158 11475
15 17158 11476
15 17158 11477
15 17158 11478
15 17158 11479
15 17158 11480
15 17159 11460
15 17159 11461
15 17159 11462
15 17159 11463
15 17159 11464
15 17159 11465
15 17159 11466
15 17159 11467
15 17159 11468
15 17159 11469
15 17159 11470
15 17159 11471
15 17159 11472
15 17159 11473
15 17159 11474
15 17159 11475
15 17159 11476
15 17159 11477
15 17159 11478
15 17159 11479
15 17159 11480
15 17160 11460
15 17160 11461
15 17160 11462
15 17160 11463
15 17160 11464
15 17160 11465
15 17160 11466
15 17160 11467
15 17160 11468
15 17160 11469
15 17160 11470
15 17160 11471
15 17160 11472
15 17160 11473
15 17160 11474
15 17160 11475
15 17160 11476
15 17160 11477
15 17160 11478
15 17160 11479
15 17160 11480
14 8570 5730
14 8570 5731
14 8570 5732
14 8570 5733
14 8570 5734
14 8570 5735
14 8570 5736
14 8570 5737
14 8570 5738
14 8570 5739
14 8570 5740
14 8571 5730
14 8571 5731
14 8571 5732
14 8571 5733
14 8571 5734
14 8571 5735
14 8571 5736
14 8571 5737
14 8571 5738
14 8571 5739
14 8571 5740
14 8572 5730
14 8572 5731
14 8572 5732
14 8572 5733
14 8572 5734
14 8572 5735
14 8572 5736
14 8572 5737
14 8572 5738
14 8572 5739
14 8572 5740
14 8573 5730
14 8573 5731
14 8573 5732
14 8573 5733
14 8573 5734
14 8573 5735
14 8573 5736
14 8573 5737
14 8573 5738
14 8573 5739
14 8573 5740
14 8574 5730
14 8574 5731
14 8574 5732
14 8574 5733
14 8574 5734
14 8574 5735
14 8574 5736
14 8574 5737
14 8574 5738
14 8574 5739
14 8574 5740
14 8575 5730
14 8575 5731
14 8575 5732
14 8575 5733
14 8575 5734
14 8575 5735
14 8575 5736
14 8575 5737
14 8575 5738
14 8575 5739
14 8575 5740
14 8576 5730
14 8576 5731
14 8576 5732
14 8576 5733
14 8576 5734
14 8576 5735
14 8576 5736
14 8576 5737
14 8576 5738
14 8576 5739
14 8576 5740
14 8577 5730
14 8577 5731
14 8577 5732
14 8577 5733
14 8577 5734
14 8577 5735
14 8577 5736
14 8577 5737
14 8577 5738
14 8577 5739
14 8577 5740
14 8578 5730
14 8578 5731
14 8578 5732
14 8578 5733
14 8578 5734
14 8578 5735
14 8578 5736
14 8578 5737
14 8578 5738
14 8578 5739
14 8578 5740
14 8579 5730
14 8579 5731
14 8579 5732
14 8579 5733
14 8579 5734
14 8579 5735
14 8579 5736
14 8579 5737
14 8579 5738
14 8579 5739
14 8579 5740
14 8580 5730
14 8580 5731
14 8580 5732
14 8580 5733
14 8580 5734
14 8580 5735
14 8580 5736
14 8580 5737
14 8580 5738
14 8580 5739
14 8580 5740
13 4285 2865
13 4285 2866
13 4285 2867
13 4285 2868
13 4285 2869
13 4285 2870
13 4286 2865
13 4286 2866
13 4286 2867
13 4286 2868
13 4286 2869
13 4286 2870
13 4287 2865
13 4287 2866
13 4287 2867
13 4287 2868
13 4287 2869
13 4287 2870
13 4288 2865
13 4288 2866
13 4288 2867
13 4288 2868
13 4288 2869
13 4288 2870
13 4289 2865
13 4289 2866
13 4289 2867
13 4289 2868
13 4289 2869
13 4289 2870
13 4290 2865
13 4290 2866
13 4290 2867
13 4290 2868
13 4290 2869
13 4290 2870
12 2141 1431
12 2141 1432
12 2141 1433
12 2141 1434
12 2141 1435
12 2141 1436
12 2142 1431
12 2142 1432
12 2142 1433
12 2142 1434
12 2142 1435
12 2142 1436
12 2143 1431
12 2143 1432
12 2143 1433
12 2143 1434
12 2143 1435
12 2143 1436
12 2144 1431
12 2144 1432
12 2144 1433
12 2144 1434
12 2144 1435
12 2144 1436
12 2145 1431
12 2145 1432
12 2145 1433
12 2145 1434
12 2145 1435
12 2145 1436
12 2146 1431
12 2146 1432
12 2146 1433
12 2146 1434
12 2146 1435
12 2146 1436
11 1069 714
11 1069 715
11 1069 716
11 1069 717
11 1069 718
11 1069 719
11 1070 714
11 1070 715
11 1070 716
11 1070 717
11 1070 718
11 1070 719
11 1071 714
11 1071 715
11 1071 716
11 1071 717
11 1071 718
11 1071 719
11 1072 714
11 1072 715
11 1072 716
11 1072 717
11 1072 718
11 1072 719
11 1073 714
11 1073 715
11 1073 716
11 1073 717
11 1073 718
11 1073 719
11 1074 714
11 1074 715
11 1074 716
11 1074 717
11 1074 718
11 1074 719
10 534 357
10 534 358
10 534 359
10 534 360
10 535 357
10 535 358
10 535 359
10 535 360
10 536 357
10 536 358
10 536 359
10 536 360
10 537 357
10 537 358
10 537 359
10 537 360
